Car -1.00 -1 -1.8466865 469.0648499 145.4360352 590.9218750 221.1896057 1.4786532 1.6233100 3.8058734 -1.8678854 0.8695563 15.7488327 -1.9647397 0.7258733 
Car -1.00 -1 -1.7087302 44.6886215 144.7290497 195.2357635 291.0022888 1.6721553 1.6226643 3.5341005 -7.4908781 1.3452986 10.8460207 -2.3131580 0.7695589 
Car -1.00 -1 -1.5710893 371.9020996 150.2068939 426.3216248 203.3303375 1.4658030 1.6055684 3.7249362 -6.7562642 0.7831912 22.9987011 -1.8568182 0.6292342 
Car -1.00 -1 -1.3372230 186.2179413 149.9505157 228.1907501 175.0048218 1.4402688 1.6566894 3.9833188 -26.4796124 0.0019388 47.5752754 -1.8451066 0.3704493 
Car -1.00 -1 0.9117577 899.1074829 89.1114807 1519.7287598 414.9240112 1.5411433 1.6160374 3.8311262 2.7894273 1.1440991 4.2275639 1.4950047 0.1562110 
Car -1.00 -1 0.7376272 899.3301392 87.1350250 1534.5086670 417.8848267 1.4662842 1.5810330 3.6566782 2.8916047 1.1074063 4.3677282 1.3224189 0.1102052 
Car -1.00 -1 -2.2883366 -1.0665705 162.8595886 31.8733139 200.9696503 1.5148165 1.1330874 2.4405086 -32.2377396 1.2330916 39.1596489 -2.9770877 0.0552522 
Pedestrian -1.00 -1 0.8263384 740.2491455 117.7964172 851.2896729 288.1562500 1.6082859 0.6324273 0.8680581 1.8316770 1.0623695 7.1658421 1.0765922 0.1487773 
Car -1.00 -1 -0.2809728 856.7866821 89.8430786 1529.7857666 381.4799194 1.5252578 1.6043311 3.6845272 3.7652504 1.1193359 5.1584997 0.3495475 0.1128620 
Car -1.00 -1 -0.3238650 866.2797852 88.7957306 1535.2452393 397.2373962 1.5140696 1.6196535 3.6869142 3.7642939 1.1478682 5.0470519 0.3169685 0.0971729 
