Car -1.00 -1 -1.8463395 462.7346191 140.6690674 583.4743042 216.5744324 1.5111091 1.6079128 3.6276371 -2.0139060 0.7850581 15.7692242 -1.9733630 0.7531316 
Car -1.00 -1 -1.7504484 26.3560600 143.1051941 187.2510986 289.7838745 1.6828192 1.6147337 3.5446181 -7.7419910 1.3305325 10.8998623 -2.3680427 0.7519106 
Car -1.00 -1 -1.7788580 351.6300659 147.7860260 428.4560547 200.0158386 1.5650496 1.6552401 4.0295329 -7.4283562 0.7386792 24.0925446 -2.0779357 0.6815721 
Pedestrian -1.00 -1 0.9914731 608.2515869 125.5364151 713.0684814 270.2706299 1.5395507 0.6438526 0.8703822 0.5431162 1.0020443 7.8448343 1.0605952 0.2763906 
Car -1.00 -1 -1.2686657 178.0888214 147.4617310 222.7908478 171.6269073 1.4445442 1.6605618 3.9630363 -27.7440815 -0.2146730 49.0325317 -1.7835813 0.2995434 
Car -1.00 -1 0.5392284 659.2215576 104.6128922 1240.2340088 350.9772949 1.4680631 1.5316478 3.7486603 1.8379543 1.0227400 4.9300585 0.8960739 0.1416916 
Car -1.00 -1 0.6593772 671.7243652 105.4257584 1247.5180664 360.1592407 1.4623471 1.5575875 3.7652094 1.8058938 1.0356284 4.7962804 1.0194795 0.1415704 
Car -1.00 -1 0.5782397 646.8796997 100.9381104 1258.0295410 367.5625916 1.4313939 1.5988508 4.0048389 1.6345934 1.0455735 4.7791772 0.9077914 0.1051230 
Car -1.00 -1 0.5527812 663.2348022 101.4435196 1268.2120361 372.7840576 1.4294984 1.6192776 4.0045691 1.7332201 1.0720967 4.8441911 0.8963821 0.0948648 
Car -1.00 -1 -1.8909212 -22.7260094 161.2590790 16.0406742 201.4248810 1.5377176 1.1443408 2.5217664 -29.0552940 1.1521310 34.2123871 -2.5949869 0.0370746 
Car -1.00 -1 0.5884728 634.9028931 100.8069229 1241.6806641 369.0465393 1.4496895 1.6149371 3.9872298 1.5934956 1.0534720 4.7757912 0.9105183 0.1095702 
Car -1.00 -1 0.6552193 642.4606934 103.6153793 1248.6372070 368.4378357 1.4625036 1.6061871 3.9131794 1.6417488 1.0519293 4.7511473 0.9879224 0.1125998 
Car -1.00 -1 0.5500348 639.6389771 101.3379745 1234.2014160 363.7912903 1.4849253 1.6497082 4.1561308 1.7589170 1.0807913 5.1457787 0.8794015 0.0993576 
Car -1.00 -1 -0.3402909 659.5263062 108.6394806 1258.2476807 357.2845154 1.3836550 1.5811807 4.0339065 2.3617690 1.0500173 5.1596155 0.0889820 0.0849388 
