Car -1.00 -1 -1.7607413 55.2946663 130.4373932 209.8778381 272.1400757 1.7353215 1.6163067 3.6694181 -7.7097182 1.1533702 11.4310942 -2.3541141 0.7651063 
Car -1.00 -1 -1.5892868 215.5486145 136.5872955 261.3830566 179.0474243 1.4583654 1.5871108 3.5997069 -14.6489649 0.0821003 28.4413605 -2.0649085 0.4550278 
Car -1.00 -1 -1.7404844 372.8457642 135.3086243 446.0879211 187.7215881 1.5322697 1.6738802 4.0334806 -6.6340318 0.3196259 23.5938015 -2.0145841 0.4662623 
Cyclist -1.00 -1 -0.7840459 561.4909058 103.4953079 584.2799683 250.2902679 1.6519594 0.5563366 1.2696482 -0.4415780 0.8620207 8.7584229 -0.8344208 0.1582870 
Car -1.00 -1 -1.9197491 480.8056641 126.0531769 578.5617676 205.2685394 1.4946570 1.4750960 3.0435386 -1.8826138 0.5167466 16.4016266 -2.0340312 0.2438462 
Pedestrian -1.00 -1 0.6608237 539.7970581 106.5156021 612.7119141 260.6601562 1.6538364 0.5651162 1.0919825 -0.4050910 0.9304418 8.4177771 0.6127375 0.1466071 
Pedestrian -1.00 -1 0.4842385 800.6525879 88.6323166 965.3321533 293.8519287 1.6695293 0.6408401 0.7877716 2.1738520 0.9464064 5.7438121 0.8460466 0.1227893 
Pedestrian -1.00 -1 0.4806617 798.0167847 89.6963654 954.7436523 290.9720459 1.6799440 0.6315222 0.7634633 2.1848576 0.9502756 5.9078217 0.8348873 0.1169377 
Pedestrian -1.00 -1 0.5223471 804.2224121 90.0203857 977.2554321 300.5997009 1.6133350 0.6248877 0.8391529 2.1311326 0.9367148 5.4945378 0.8923477 0.0972387 
Cyclist -1.00 -1 -2.1517065 13.0956392 153.3125305 44.7044716 193.1992798 1.5767400 0.8685092 1.7872336 -27.1073799 0.7968759 33.6865082 -2.8293040 0.0410629 
Car -1.00 -1 -2.0804296 13.7117729 152.5161591 50.8722496 188.0300903 1.4975986 1.1060162 2.3702674 -30.9876366 0.5952664 38.7240715 -2.7553024 0.0526966 
