Car -1.00 -1 -1.8505060 466.3311157 142.2779541 585.9662476 215.6082306 1.4609073 1.6057615 3.6702480 -1.9602915 0.7729451 15.8910160 -1.9732444 0.7332904 
Car -1.00 -1 -1.7365632 33.3764648 142.0189362 197.1090088 292.2676392 1.6913249 1.6200900 3.6565146 -7.4477611 1.3252618 10.6528578 -2.3467069 0.7519044 
Car -1.00 -1 -1.7534578 356.9409485 147.5089111 430.2936707 199.8352051 1.5176187 1.6426827 3.8181381 -7.1098208 0.7121946 23.4684219 -2.0476213 0.6859809 
Car -1.00 -1 -1.3028524 182.2449646 146.6700287 225.4047241 171.3487396 1.4472342 1.6628312 4.0268321 -27.2608891 -0.2450457 48.5713196 -1.8142955 0.3301541 
Pedestrian -1.00 -1 1.1945441 676.5718384 120.2213821 750.2938843 275.3437500 1.6089435 0.6192273 0.9816222 1.1321164 1.0460800 7.9460301 1.3360673 0.2409824 
Car -1.00 -1 1.0487888 767.2564087 104.3161774 1320.4798584 387.2987061 1.4069903 1.5382227 3.8122821 1.7453493 1.0470447 3.9876161 1.4613607 0.1381297 
Car -1.00 -1 1.0941295 734.8230591 103.0324402 1346.9471436 419.0510559 1.4006540 1.6221981 3.9879620 1.4726648 1.0838870 3.7455702 1.4687386 0.1080882 
Car -1.00 -1 1.1385752 806.8782349 104.9196243 1328.3110352 412.6187134 1.3732117 1.5765976 3.7189019 1.7749538 1.0520630 3.7618239 1.5794367 0.0931007 
Car -1.00 -1 -2.1201851 -3.3884799 161.7671967 28.6542377 200.0506744 1.5224172 0.9833732 2.1188381 -29.4928570 1.1520674 35.6517715 -2.8113213 0.0400915 
Car -1.00 -1 1.0233054 734.5708618 103.2833786 1337.7438965 415.4909058 1.3621705 1.5670635 3.8556712 1.4183673 1.0685396 3.6771901 1.3914415 0.0810721 
Car -1.00 -1 -0.2205621 747.1657104 105.1561127 1424.4647217 383.6391296 1.4646224 1.5972968 4.0152645 2.9777420 1.1543397 5.0644231 0.3109667 0.0850609 
