Car -1.00 -1 -1.2543979 894.7163086 158.9915924 1236.7399902 367.1750793 1.4947042 1.6608067 3.8781652 4.6068411 1.4808189 7.0182772 -0.6735324 0.7598893 
Car -1.00 -1 -0.9863233 745.7455444 177.4044037 942.8261719 263.9034729 1.3847330 1.6238090 4.0606976 4.7811103 1.5293403 14.3626556 -0.6649764 0.7824138 
Car -1.00 -1 1.8992247 302.1813354 188.7081757 409.1611938 250.6968079 1.3876538 1.5409238 3.5898962 -6.5833945 1.8305743 19.0696468 1.5668066 0.8287914 
Car -1.00 -1 -0.8825239 684.2750244 173.1610107 796.0961914 220.4893799 1.4829571 1.6611912 4.0206022 4.6664891 1.5471557 25.4206848 -0.7009746 0.7446368 
Car -1.00 -1 -1.1414985 820.4078369 178.0416718 1037.9373779 300.3654480 1.4621531 1.5990771 3.6153183 4.8090639 1.5664055 10.6690407 -0.7180215 0.7590226 
Car -1.00 -1 -0.8968036 660.9528809 174.6885681 747.3770142 210.2917633 1.4224570 1.6068850 3.8939393 4.2906003 1.5301927 32.5787392 -0.7658578 0.6623050 
Car -1.00 -1 -1.5825491 591.5529785 176.7203522 635.5416260 219.3441162 1.5450004 1.6311016 3.6821418 0.1266504 1.7229369 28.4600925 -1.5780990 0.8184173 
Car -1.00 -1 1.7575796 433.4095459 176.8883057 469.6804810 200.9517670 1.5800006 1.6505371 4.3169060 -11.4641800 1.8980379 52.5915451 1.5429518 0.6123473 
Car -1.00 -1 1.7895006 412.6055298 176.8688965 435.4241638 194.1240082 1.4610656 1.3881789 2.9934509 -17.2285328 1.9174306 67.1139221 1.5382206 0.5148030 
Car -1.00 -1 1.8250803 460.0878296 176.6450043 490.3132019 196.6757507 1.5988081 1.6313950 4.2374630 -11.7530098 2.0145730 63.1572495 1.6410936 0.5307026 
Car -1.00 -1 1.7489124 489.7994690 180.0812073 521.0631714 200.3317413 1.3368869 1.6056950 3.7873747 -7.3564262 1.8863652 51.4301720 1.6068389 0.4948013 
