Car -1.00 -1 -1.7628177 53.8512917 130.6723175 211.7641296 279.0770874 1.7863699 1.6225011 3.6683338 -7.5615544 1.2251633 11.2124176 -2.3561490 0.7483895 
Car -1.00 -1 -1.3236765 152.1603241 141.9817810 223.5771484 188.6921234 1.4496325 1.5731404 3.4533477 -15.3293018 0.3854489 26.3817482 -1.8500509 0.4489160 
Car -1.00 -1 -1.7958581 377.4792480 131.3444214 450.2392883 194.6776276 1.6582733 1.4919275 3.0660422 -5.7807207 0.4829892 21.0970478 -2.0633001 0.3313799 
Car -1.00 -1 -1.3142417 184.3999634 139.2149811 244.9439697 177.1347961 1.4616156 1.5582263 3.3347876 -16.9385738 0.0514724 31.0793438 -1.8132463 0.3297764 
Cyclist -1.00 -1 -1.4384718 556.8202515 121.4896774 568.5579224 223.9026794 1.6511893 0.5862834 1.2463168 -0.7711545 0.8143995 11.7350893 -1.5040910 0.1480942 
Cyclist -1.00 -1 -1.3385382 548.5062866 120.1737671 560.1010132 226.1156921 1.6772618 0.5503745 1.3657932 -0.9029785 0.8314637 11.7477112 -1.4152516 0.1504638 
Cyclist -1.00 -1 -1.7310650 373.5122986 129.5200958 439.6452332 209.5599365 1.7203788 0.8491882 1.9895949 -4.4292212 0.7392015 15.5987616 -2.0077300 0.2424891 
Cyclist -1.00 -1 -1.6846516 367.9672546 131.1070099 428.4515686 207.6978302 1.7285829 0.7819024 1.9000233 -4.7448707 0.7435154 16.0807133 -1.9715756 0.1984229 
Car -1.00 -1 -1.9982405 462.5398865 133.1892853 576.5889893 205.6605225 1.5367393 1.5690907 3.4390166 -2.3021066 0.6025828 17.7308598 -2.1273544 0.2997720 
Car -1.00 -1 -2.0199425 482.7216492 127.5566788 587.4238892 205.8800201 1.5984219 1.5394853 3.2953119 -1.9173315 0.5746807 17.8249912 -2.1270947 0.2050107 
Cyclist -1.00 -1 -1.8525534 20.6775894 153.3392639 45.1813583 193.8135681 1.5606084 0.8066342 1.8115747 -24.8395691 0.8005719 31.0761185 -2.5268757 0.0578641 
Cyclist -1.00 -1 -1.0709161 253.7574768 125.8345261 287.6990356 181.7947540 1.7396721 0.5407574 1.4047086 -11.1050987 0.2219941 23.6660767 -1.5096554 0.0918411 
Car -1.00 -1 -1.9922689 498.0710449 128.1739197 593.8853760 182.1995544 1.5664282 1.6274588 3.5694580 -2.0700955 0.1676758 22.4260769 -2.0843155 0.1244176 
Car -1.00 -1 -1.8525534 20.6775894 153.3392639 45.1813583 193.8135681 1.5606084 0.8066342 1.8115747 -24.8395691 0.8005719 31.0761185 -2.5268757 0.0462714 
Car -1.00 -1 -1.9720455 493.1820068 126.1546402 592.4281006 199.8162231 1.5907028 1.5138209 3.2375867 -1.7692056 0.4741261 18.2468300 -2.0687029 0.1230926 
Car -1.00 -1 -1.7758698 359.0046387 133.2870941 421.2426453 192.1830902 1.7122288 1.3004695 2.7051930 -6.8580213 0.4935105 22.4126511 -2.0728118 0.1361947 
