Car -1.00 -1 -1.7914873 46.1073799 124.4530792 214.5663910 270.6379395 1.7571949 1.6318637 3.7404246 -7.6210113 1.0869131 11.2271881 -2.3878427 0.8036864 
Car -1.00 -1 -1.7990843 376.8665771 133.7475433 449.3864136 182.2671661 1.5321735 1.6377511 3.8831768 -6.9601989 0.1764444 25.2365322 -2.0681927 0.5625804 
Car -1.00 -1 -1.8757332 472.1711121 120.2344208 595.3206177 205.8740845 1.5289003 1.5765113 3.4886537 -1.6532087 0.4768655 14.7822599 -1.9871078 0.3569278 
Cyclist -1.00 -1 0.5151836 706.3357544 91.8321381 854.6636963 262.4213867 1.6437964 0.5487096 1.3938189 1.7440312 0.8203591 7.5032544 0.7435650 0.2122369 
Cyclist -1.00 -1 -1.5868886 482.0401611 113.1052170 558.2458496 227.1054535 1.6390520 0.8229953 1.7394484 -1.3581871 0.7290249 10.7013721 -1.7131307 0.2037589 
Cyclist -1.00 -1 -2.4427565 16.7421665 145.9232483 40.0627213 186.3025055 1.6144130 0.6474199 1.2771803 -26.3987484 0.4958706 32.7853508 -3.1206598 0.0440948 
Pedestrian -1.00 -1 -1.3725293 496.5729980 111.8572235 536.4938354 233.9192657 1.7079180 0.6441317 1.2166622 -1.3741978 0.8196984 10.7402039 -1.4997869 0.1232846 
Car -1.00 -1 -1.9600883 462.1894226 120.4100723 574.2634888 190.4284821 1.6077876 1.6186446 3.5840616 -2.4211488 0.2825391 18.4164124 -2.0908055 0.1396295 
Car -1.00 -1 -1.7802733 466.9827271 117.7045288 568.8824463 208.6713562 1.6071815 1.4278800 2.8663359 -1.8748461 0.5440679 14.2717762 -1.9108927 0.1349904 
Pedestrian -1.00 -1 0.4677575 701.0876465 92.4118729 841.6742554 265.7970276 1.6642547 0.6057596 1.0810413 1.5894533 0.8492995 7.1489511 0.6865327 0.1129798 
