Car -1.00 -1 -1.7906982 50.0346336 129.7280426 213.5095062 273.4843750 1.7522990 1.6113856 3.6652100 -7.6630831 1.1632996 11.3319683 -2.3852963 0.7659184 
Cyclist -1.00 -1 -1.5969651 518.0727539 108.2444229 573.8652954 237.9671021 1.7060856 0.6650428 1.6827248 -0.9094865 0.8193667 10.0597916 -1.6871281 0.2884340 
Car -1.00 -1 -1.7401800 378.3252258 135.8513794 447.9720459 186.6442413 1.4991100 1.6368085 3.8664684 -6.6055479 0.2935988 23.9479675 -2.0093169 0.4823079 
Pedestrian -1.00 -1 0.4494556 752.3627319 87.3837814 892.9993286 276.0209045 1.7373642 0.6379057 0.9068478 1.9798956 0.9161840 6.7003598 0.7367705 0.2198440 
Pedestrian -1.00 -1 0.4472483 754.4753418 86.3632278 905.6181030 279.8640442 1.7017486 0.6125141 0.9353660 1.9427559 0.9038236 6.3808756 0.7427968 0.2017566 
Car -1.00 -1 -1.5537409 215.6551208 136.9425201 259.6677551 178.3925781 1.4506273 1.5716872 3.5012858 -14.9460564 0.0625182 29.0399532 -2.0290573 0.2878447 
Car -1.00 -1 -2.0004479 480.7889709 117.9634247 603.6455078 208.9711914 1.6360230 1.5136075 3.2207437 -1.5067263 0.5380823 15.2120981 -2.0991738 0.2299509 
Cyclist -1.00 -1 1.9708648 21.2405186 152.1784821 42.5023117 193.6312103 1.5960480 0.6799097 1.3371102 -23.9590721 0.7936971 29.9318752 1.2958474 0.0470747 
Cyclist -1.00 -1 0.5227404 781.1267090 91.1309128 919.4482422 280.4028625 1.6221105 0.5497843 1.3042516 2.2373023 0.8943227 6.8337102 0.8391343 0.1290273 
Pedestrian -1.00 -1 -1.0937361 529.2760620 109.2161179 574.7882080 249.1287842 1.6424302 0.5239592 1.1054236 -0.7124412 0.8773478 9.0968494 -1.1718940 0.1174746 
