Car -1.00 -1 -1.7253691 70.9274826 133.6649170 219.7484741 283.9826050 1.7739613 1.6028169 3.6022246 -7.1921697 1.2643335 10.9660683 -2.3058505 0.6416112 
Car -1.00 -1 -1.7493233 380.5953979 136.1835175 454.6195984 188.7933350 1.4963132 1.6395934 3.7675271 -6.1818738 0.3538758 22.9318504 -2.0126398 0.5066920 
Cyclist -1.00 -1 -1.5353970 356.4084473 137.0340271 379.1258240 193.9391785 1.6283144 0.5761341 1.5448060 -7.1359520 0.5700866 21.2505894 -1.8593661 0.2168774 
Car -1.00 -1 -1.4289762 218.1590424 139.4258423 248.4076996 169.8972168 1.5802289 1.4477192 2.8197927 -22.1486645 -0.3005748 42.5310211 -1.9090974 0.1637322 
Pedestrian -1.00 -1 -2.3834337 590.1635132 51.7934189 814.6251831 427.1916809 1.7749540 0.7128690 0.9294685 0.4335552 1.1635190 3.7031996 -2.2668884 0.0941252 
Cyclist -1.00 -1 -1.7380769 40.6615486 151.9990387 50.3332825 194.9795837 1.6501943 0.6582887 1.1583233 -21.8187981 0.8472022 27.9062767 -2.4016585 0.0472135 
Pedestrian -1.00 -1 0.9359550 -7.5702577 153.0476532 101.7340088 314.9740906 1.6445732 0.6594423 0.9516692 -6.2403746 1.4575351 8.0167170 0.2745116 0.1170430 
Pedestrian -1.00 -1 1.8751082 37.0873871 151.3390045 46.8739281 195.8454285 1.6891367 0.6465861 0.9424987 -22.4864502 0.8688897 28.5922470 1.2086825 0.0328438 
Car -1.00 -1 -2.1349429 476.3249512 127.9990616 593.1356201 205.3727112 1.4922142 1.5223829 3.3006139 -1.8891073 0.5256788 17.3473377 -2.2434144 0.2045424 
Cyclist -1.00 -1 -2.1859925 569.0820312 70.6917572 814.4921875 461.4530640 1.5312638 0.6548589 1.4204612 0.2077565 1.1410229 3.0577300 -2.1181521 0.0633749 
