Car -1.00 -1 -1.5748063 521.3345947 131.0153503 576.6831665 200.8833313 1.4524037 1.5039802 3.3231258 -1.5084015 0.4813979 18.2532520 -1.6572564 0.4475490 
Car -1.00 -1 -1.7284644 70.6463242 134.1504669 219.1728668 283.5424194 1.7800490 1.6028343 3.5887659 -7.2307019 1.2747036 11.0229654 -2.3090229 0.6714855 
Car -1.00 -1 -1.7289162 385.5307312 136.8464661 456.9673157 188.8650513 1.4715965 1.6266855 3.8613756 -6.0391421 0.3550744 22.8242588 -1.9875817 0.6074492 
Pedestrian -1.00 -1 1.0838763 598.6424561 68.5176239 739.2371826 445.9265747 1.6564459 0.6284641 0.8547567 0.2489574 1.1879682 3.4842639 1.1552070 0.1920637 
Car -1.00 -1 -1.2824572 216.9962769 142.1160431 252.1386719 173.0129242 1.5662464 1.3523496 2.6208467 -21.6399307 -0.1263035 41.6918030 -1.7612246 0.1415122 
Cyclist -1.00 -1 -1.8388647 37.1937408 152.3634796 53.2631035 195.1643829 1.6549426 0.6569502 1.1791313 -23.0822887 0.8594107 29.5124321 -2.5026083 0.0488317 
Pedestrian -1.00 -1 0.7378117 532.3946533 84.9566193 694.5484009 462.0446777 1.7099011 0.6010853 0.3994412 0.0067793 1.2920679 3.3549201 0.7398323 0.0967107 
Pedestrian -1.00 -1 0.9075258 549.7633667 83.7260971 698.3187866 467.2337952 1.6924450 0.5928150 0.3660894 0.0476889 1.2848181 3.2835407 0.9220484 0.0885077 
Pedestrian -1.00 -1 0.8834649 -5.4407663 156.8590240 99.4302216 318.1373901 1.6311877 0.6245660 0.8799132 -6.1919665 1.4843736 7.9554648 0.2220786 0.1165766 
Pedestrian -1.00 -1 0.9458020 558.0461426 77.7628708 705.8983154 470.7069397 1.6509255 0.6020892 0.4662220 0.0697374 1.2398361 3.1802421 0.9677268 0.0769553 
Pedestrian -1.00 -1 -1.8969632 36.3802071 151.6698914 47.4779053 195.7005463 1.6935999 0.6435887 0.9715067 -22.4875336 0.8790959 28.5824623 -2.5635786 0.0304590 
