Car -1.00 -1 -1.7218519 73.3342514 134.9021149 222.2333069 282.5708618 1.7397383 1.6160760 3.6548908 -7.1705818 1.2475145 10.9870853 -2.3000789 0.6188989 
Car -1.00 -1 -2.0172614 498.6472778 117.0550461 722.3128662 270.3842468 1.5232668 1.4301641 3.0713141 -0.1580036 0.8715187 8.5132027 -2.0358191 0.4981921 
Cyclist -1.00 -1 -1.4499676 349.6264648 135.9798126 376.5349426 195.2259216 1.6833584 0.5893954 1.6875650 -7.2459459 0.5976775 21.2687263 -1.7783204 0.2854544 
Car -1.00 -1 -1.7659251 385.7337952 136.8648682 456.5112915 188.9197693 1.4921358 1.5934123 3.5607934 -6.1511002 0.3596785 23.2492218 -2.0245712 0.4490051 
Car -1.00 -1 -1.3613530 218.9189453 138.5576019 250.8714447 169.5868378 1.5898235 1.4108920 2.7413065 -21.9949036 -0.3303564 42.4118996 -1.8397714 0.1841030 
Cyclist -1.00 -1 -1.8006239 37.6486320 153.0017853 59.2580566 193.7040863 1.5958526 0.6815300 1.3306479 -23.6007080 0.8079257 30.3436165 -2.4616694 0.0719793 
Cyclist -1.00 -1 2.3854655 613.4374390 68.0955124 941.5695190 535.3084106 1.6264416 0.6870219 1.5115587 0.6053700 1.2578767 2.5490441 2.6186349 0.0872054 
Cyclist -1.00 -1 2.4538928 604.7082520 67.0704041 960.4320679 546.1787109 1.6625495 0.6839914 1.4682833 0.6107780 1.2786078 2.5220265 2.6914957 0.0782963 
Pedestrian -1.00 -1 1.8646753 717.0960693 61.5539017 852.8850098 549.9125366 1.6845746 0.6034672 0.8077184 0.5545423 1.2573508 2.3829854 2.0933151 0.0717563 
Cyclist -1.00 -1 2.2907483 609.7410278 78.9563370 904.4639893 519.5699463 1.5582265 0.6998411 1.5481547 0.6085234 1.2387693 2.6590962 2.5157204 0.0748244 
Cyclist -1.00 -1 2.3695223 620.1635132 77.7579956 922.7483521 528.4724121 1.5615692 0.6726524 1.4740180 0.5857390 1.2379267 2.5629399 2.5942054 0.0705979 
Pedestrian -1.00 -1 1.1026511 693.1081543 64.7632904 789.1010742 534.2489014 1.7345469 0.6019615 0.6958155 0.5106990 1.2960397 2.6484888 1.2931397 0.0593993 
