Car -1.00 -1 -1.9369523 493.8200684 128.7007446 620.7795410 206.4582672 1.5731339 1.6262699 3.5821383 -1.2951975 0.5716781 16.1908836 -2.0167778 0.6718039 
Car -1.00 -1 -1.7264185 392.9132690 131.5222321 465.6049805 186.4918060 1.5353663 1.6036832 3.6057479 -5.6575465 0.2651277 22.2969131 -1.9749110 0.6825005 
Car -1.00 -1 -1.7441937 80.9792557 126.4801636 231.3146973 275.0069580 1.8340317 1.6321702 3.7586224 -7.2966490 1.1923586 11.3761063 -2.3145003 0.6335301 
Cyclist -1.00 -1 -1.6658551 343.5662842 131.4627533 372.9673767 192.9085693 1.6948909 0.5975461 1.6953042 -7.1588593 0.5164825 20.5114632 -2.0016544 0.3715609 
Pedestrian -1.00 -1 0.7320464 1083.7119141 45.7713814 1281.4874268 474.5265503 1.5875520 0.5701449 0.6166009 2.1451163 1.0997526 2.7774041 1.3896961 0.0818780 
Pedestrian -1.00 -1 0.7007048 1093.7778320 47.0760231 1275.4902344 474.4195251 1.5735668 0.5368412 0.6295926 2.1251249 1.0979805 2.7351122 1.3612502 0.0727430 
Pedestrian -1.00 -1 0.7237681 1095.2288818 46.3722305 1263.2264404 470.5674744 1.6159763 0.5359753 0.5707711 2.2465549 1.1234815 2.8964841 1.3834620 0.0668132 
Pedestrian -1.00 -1 0.7761416 1111.3372803 41.4349594 1256.6071777 465.0946350 1.6471866 0.5437539 0.4663402 2.3118045 1.1240738 2.9432476 1.4419539 0.0555876 
Pedestrian -1.00 -1 0.7538662 1075.8411865 44.8881569 1298.6553955 468.3572083 1.5793108 0.5998180 0.6289673 2.1090214 1.0758259 2.7181983 1.4137317 0.0803280 
Pedestrian -1.00 -1 0.7932726 1113.4831543 48.3155365 1245.4930420 471.9126892 1.6433822 0.5597498 0.5188217 2.2426972 1.1517606 2.8834615 1.4543169 0.0499984 
Pedestrian -1.00 -1 0.7906747 1071.2239990 48.6266365 1307.2912598 473.7299194 1.5555594 0.5769101 0.7127912 2.0193732 1.0745150 2.6069906 1.4497344 0.0803352 
Pedestrian -1.00 -1 -0.7768835 594.4713135 101.3203964 794.0774536 411.7182007 1.6450258 0.5894849 0.8508360 0.4765572 1.2402450 3.9478724 -0.6567523 0.0532582 
Pedestrian -1.00 -1 -0.9219395 574.1757202 105.1425095 804.9523926 441.9598083 1.6233107 0.5986822 0.8957521 0.4381856 1.2630506 3.6168983 -0.8013775 0.0611478 
Pedestrian -1.00 -1 0.9620179 1125.2164307 53.3128166 1233.5626221 480.1227417 1.6385820 0.5344675 0.4127669 2.1794944 1.1643009 2.7613988 1.6301830 0.0363326 
