Car -1.00 -1 -1.7730959 513.9491577 127.0161209 618.4757690 204.5847473 1.5199827 1.5817316 3.5755911 -1.0686173 0.5121302 15.8452492 -1.8404348 0.7877987 
Car -1.00 -1 -1.7338914 88.3655472 130.0866699 241.8705597 276.8399048 1.7372040 1.6283824 3.7184620 -6.9332042 1.1652318 11.0042706 -2.2961116 0.6036059 
Car -1.00 -1 -1.3378208 213.9262085 137.7489777 279.1141052 184.5903931 1.5700033 1.5872293 3.3533475 -13.6592360 0.2950144 27.3010139 -1.8017242 0.4231005 
Pedestrian -1.00 -1 -1.0181746 303.1272583 132.4506531 317.5392456 175.7194672 1.7311652 0.5914510 0.6596603 -12.4373446 0.0842162 30.0049248 -1.4111267 0.0779898 
Car -1.00 -1 -1.8479401 404.6466980 129.1665192 450.4085693 201.5845947 1.5748724 1.3339329 2.6324780 -4.7773957 0.5704806 18.7810020 -2.0970311 0.1728608 
Car -1.00 -1 -1.7409234 47.4067879 151.6180420 73.8837967 188.4743805 1.5133971 1.0458413 2.3103290 -26.5590572 0.6045025 34.8991432 -2.3914421 0.0785688 
Pedestrian -1.00 -1 0.9010822 380.4654541 132.0712585 414.4397278 199.1054230 1.7596370 0.5824178 0.9732780 -5.8202429 0.6637900 19.7991600 0.6151720 0.0811070 
Pedestrian -1.00 -1 -1.1926148 457.3824158 103.2026291 507.7214050 362.9817200 1.6591533 0.5478984 0.7743375 -0.8385857 1.2138903 4.8455205 -1.3639815 0.1008674 
Pedestrian -1.00 -1 -0.9521989 461.2399597 97.8818817 511.7182617 360.8638306 1.6672238 0.5538561 0.8779777 -0.8143795 1.1952597 4.8507681 -1.1185344 0.1271742 
Pedestrian -1.00 -1 0.5467933 420.2178955 94.8785019 527.3294067 358.9230652 1.7375904 0.5999372 0.7416153 -0.9434497 1.2191394 5.0196691 0.3610101 0.0972363 
Car -1.00 -1 -1.9460982 625.9244385 86.9289246 1223.6533203 611.8551025 1.4309404 1.3720534 2.6030097 0.9855227 1.1611785 2.9337575 -1.6220169 0.1569964 
