Car -1.00 -1 -1.3643756 562.3654175 117.4225693 602.9107056 246.4417725 1.4366891 1.4257571 3.4264829 -0.2640162 0.7799169 9.7935553 -1.3913273 0.4240264 
Car -1.00 -1 -1.6857518 77.6246262 135.0752716 215.9353943 284.0190735 1.7446312 1.6015381 3.5676091 -7.1265411 1.2592063 10.9185467 -2.2640231 0.6646886 
Cyclist -1.00 -1 -1.3343898 342.8878784 135.1877594 367.3285217 194.3177032 1.6833984 0.5424610 1.6362450 -7.6382833 0.5756466 21.7106152 -1.6726873 0.3346853 
Car -1.00 -1 -1.7621548 379.7395325 136.3677063 454.3482666 188.9143829 1.5008621 1.6296757 3.8832686 -6.2699862 0.3534631 23.1722069 -2.0264091 0.5318198 
Pedestrian -1.00 -1 0.8543746 2.2026653 153.9859314 105.0079041 312.8387756 1.6336060 0.6352707 0.8887649 -6.2258911 1.4581496 8.0948887 0.1987524 0.1421043 
Cyclist -1.00 -1 2.2942443 738.2932129 80.3099365 1056.4627686 549.3953857 1.6259687 0.7270864 1.5670031 1.0243120 1.3109501 2.5356932 2.6781576 0.0818474 
Cyclist -1.00 -1 -1.7793062 33.8881378 153.3135223 56.5174026 194.4182281 1.6245005 0.7364342 1.4493712 -24.2345467 0.8424432 30.9832363 -2.4430881 0.0544303 
Cyclist -1.00 -1 2.2577240 746.9805298 81.8903503 1049.5831299 567.1265259 1.6500816 0.7068704 1.4602613 0.9719102 1.3128972 2.4191213 2.6397481 0.0703655 
Car -1.00 -1 -1.3380639 194.2366943 142.5227203 230.3313141 174.2266235 1.5307111 1.4186970 2.6637845 -22.1250019 -0.0677365 40.2458420 -1.8407123 0.1055087 
Cyclist -1.00 -1 2.3332278 680.1087646 96.7940292 1058.0969238 548.9060669 1.5840513 0.6969635 1.6392481 1.0462047 1.3201334 2.6068926 2.7148738 0.0917137 
Pedestrian -1.00 -1 2.4765205 748.9887085 41.6655426 901.4896240 442.4984436 1.7062082 0.6048399 0.8405541 0.9485041 1.1423271 3.1623602 2.7679181 0.0397613 
