Car -1.00 -1 -1.7199076 76.8138504 129.9466095 224.1735535 273.4019165 1.7435273 1.6441826 3.7266245 -7.3528757 1.1579048 11.3351450 -2.2953539 0.7273911 
Car -1.00 -1 -1.7578768 385.9555969 130.3717194 458.3425903 185.3074951 1.5060716 1.5585281 3.6071968 -5.8553467 0.2192553 22.2123489 -2.0156212 0.6463037 
Car -1.00 -1 -1.9451788 494.4812927 124.1494827 621.3155518 207.2936401 1.6073436 1.5961456 3.4013860 -1.2355194 0.5513084 15.6573925 -2.0239253 0.6186641 
Car -1.00 -1 -1.3768750 185.0446014 137.6336975 228.9660950 170.4295654 1.4802265 1.5750177 3.3416238 -21.0373001 -0.2891122 37.8084602 -1.8846321 0.3604441 
Pedestrian -1.00 -1 1.3089082 332.0340271 118.8895874 388.4665222 257.8634644 1.6595895 0.6718032 1.1228576 -3.2167046 1.0035231 9.2680578 0.9748421 0.3051898 
Car -1.00 -1 -1.4884780 220.4884949 133.3757477 250.7808533 159.2993469 1.4570951 1.5847569 3.5483637 -24.0661869 -1.0143307 46.5268135 -1.9658334 0.1970175 
Car -1.00 -1 -1.9808751 41.2500610 147.0167847 63.9496880 185.0313416 1.5890098 1.0244997 2.1447468 -27.0210438 0.4623786 34.9965134 -2.6383750 0.0507466 
Pedestrian -1.00 -1 -1.9454967 556.3308716 115.8136292 620.8957520 223.0976562 1.6330959 0.5602186 1.1971762 -0.3440947 0.7290550 11.3585358 -1.9757813 0.1603801 
Cyclist -1.00 -1 -1.9893306 39.9324417 147.7235565 58.5445213 189.9525757 1.6386244 0.7838870 1.5441929 -23.3254547 0.6512939 30.0325050 -2.6496854 0.0353669 
Car -1.00 -1 -0.8995456 803.8292847 100.5890656 952.9552002 163.5008545 1.4344265 1.5883913 3.6287334 6.7969403 -0.3970693 18.0738583 -0.5398418 0.1884908 
