Car -1.00 -1 -1.6811561 77.4074326 132.9855042 220.9413452 276.1117554 1.7203279 1.6427209 3.7986100 -7.2331944 1.1873367 11.1303520 -2.2574344 0.7449301 
Car -1.00 -1 -1.7969871 399.0375366 135.3138733 450.0497437 188.9189301 1.5340290 1.4610583 3.0411096 -6.4548988 0.3568239 24.9990292 -2.0496740 0.3439489 
Car -1.00 -1 -2.1784834 605.1616211 115.7121506 938.1931763 296.3057556 1.2936311 1.3854394 3.3123717 1.2442304 0.7975023 6.7424994 -1.9960008 0.4044717 
Cyclist -1.00 -1 -1.6305463 378.5429993 133.5388184 417.7859192 190.5617523 1.7728069 0.8166120 2.0036883 -6.5473552 0.5210195 22.2781925 -1.9163889 0.1801098 
Cyclist -1.00 -1 -1.5541952 36.9100304 150.7283020 53.5930367 195.6616821 1.6674669 0.8092008 1.7521302 -23.0811615 0.8351913 29.5122871 -2.2179174 0.0654922 
Pedestrian -1.00 -1 1.6806700 483.8780518 73.5729446 586.4302979 394.9502258 1.7824851 0.6474100 1.0570598 -0.4003758 1.2167394 4.3222079 1.5883013 0.1887584 
Pedestrian -1.00 -1 1.7386827 477.1589050 73.9784470 584.0416260 400.4477844 1.7856239 0.6474551 0.9387689 -0.4275031 1.2277774 4.2712708 1.6389269 0.1588741 
Pedestrian -1.00 -1 1.8220705 470.7770386 81.2899017 573.7780762 392.9215698 1.7705563 0.6238101 0.7945019 -0.4911530 1.2372253 4.3918190 1.7106997 0.1507894 
Car -1.00 -1 -1.6786763 32.5602264 149.9167328 57.5387115 191.2702484 1.6250944 0.9095709 1.9976715 -24.8021164 0.6976420 31.6955662 -2.3426616 0.0560939 
Car -1.00 -1 -1.2847527 210.9805450 139.0542450 251.4219208 169.7133636 1.5803370 1.5508337 3.2215800 -22.5933208 -0.3466653 43.1645126 -1.7669630 0.1101186 
